                                  2025
    January           February          March             April             
Su     5 12 19 26        2  9 16 23        2  9 16 23 30     6 13 20 27   
Mo     6 13 20 27        3 10 17 24        3 10 17 24 31     7 14 21 28   
Tu     7 14 21 28        4 11 18 25        4 11 18 25     1  8 15 22 29   
We  1  8 15 22 29        5 12 19 26        5 12 19 26     2  9 16 23 30   
Th  2  9 16 23 30        6 13 20 27        6 13 20 27     3 10 17 24      
Fr  3 10 17 24 31        7 14 21 28        7 14 21 28     4 11 18 25      
Sa  4 11 18 25        1  8 15 22        1  8 15 22 29     5 12 19 26      

    May               June              July              August            
Su     4 11 18 25     1  8 15 22 29        6 13 20 27        3 10 17 24 31
Mo     5 12 19 26     2  9 16 23 30        7 14 21 28        4 11 18 25   
Tu     6 13 20 27     3 10 17 24        1  8 15 22 29        5 12 19 26   
We     7 14 21 28     4 11 18 25        2  9 16 23 30        6 13 20 27   
Th  1  8 15 22 29     5 12 19 26        3 10 17 24 31        7 14 21 28   
Fr  2  9 16 23 30     6 13 20 27        4 11 18 25        1  8 15 22 29   
Sa  3 10 17 24 31     7 14 21 28        5 12 19 26        2  9 16 23 30   

    September         October           November          December          
Su     7 14 21 28        5 12 19 26        2  9 16 23 30     7 14 21 28   
Mo  1  8 15 22 29        6 13 20 27        3 10 17 24     1  8 15 22 29   
Tu  2  9 16 23 30        7 14 21 28        4 11 18 25     2  9 16 23 30   
We  3 10 17 24        1  8 15 22 29        5 12 19 26     3 10 17 24 31   
Th  4 11 18 25        2  9 16 23 30        6 13 20 27     4 11 18 25      
Fr  5 12 19 26        3 10 17 24 31        7 14 21 28     5 12 19 26      
Sa  6 13 20 27        4 11 18 25        1  8 15 22 29     6 13 20 27      
